%YAML:1.0
# camera parameter
# lens is either pinhole or fisheye

lens: pinhole

fx: 711.86650008899 
fy: 711.7472092176365
cx: 644.631883179822
cy: 361.1469670487216

k1: -0.014379084553780248
k2: 0.0047329114914928146
p1/k3: -0.008140976374981792
p2/k4: 0.003708930728502507



